        -1          0          1          2          3          4          5          6          7          8 
 T        0 1.00000000 0.00000000 0.00000000 0.00000000 0.00000000 0.00000000 0.00000000 0.00000000 0.00000000 
 T        1 0.00000000 1.00000000 0.00000000 0.00000000 0.01879968 0.99999978 0.00000000 0.01593051 0.01698189 
 T        2 0.00000000 0.00000000 1.00000000 0.00000000 0.00000000 0.00000000 0.00000000 0.00000000 0.00000000 
 U        3 0.00000000 0.00000000 0.00000000 1.00000000 0.00000000 0.00000000 0.00000000 0.00000000 0.00000000 
 U        4 0.00000000 0.01440144 0.00000000 0.00000000 1.00000000 0.01440144 0.00000000 0.01520494 0.01715489 
 T        5 0.00000000 1.00000005 0.00000000 0.00000000 0.01879968 1.00000000 0.00000000 0.02089403 0.01698189 
 T        6 0.00000000 0.00000000 0.00000000 0.00000000 0.00000000 0.00000000 1.00000000 0.00000000 0.00000000 
 T        7 0.00000000 0.02103447 0.00000000 0.00000000 0.01289097 0.02103447 0.00000000 1.00000000 0.01813804 
 T        8 0.00000000 0.00424548 0.00000000 0.00000000 0.00557158 0.00424548 0.00000000 0.00638014 1.00000000 
